1.000000
1.169636
1.368048
1.368048
1.871557
2.189040
2.538726
2.560380
2.581555
2.994713
3.502724
3.700995
4.096912
4.332883
4.791896
5.421975
5.604774
5.636932
5.999365
6.555546
6.760824
7.243659
7.451289
7.667602
7.715772
8.064198
8.199423
8.968303
9.228480
10.489650
12.269072
13.715285
14.002037
14.350348
15.191696
15.901827
16.784682
19.631967
20.476798
21.455944
22.962253
25.501657
26.857475
29.986062
31.413465
34.419286
36.742313
39.678122
42.975122
45.046069
50.265237
51.409454
58.792013
63.162376
68.765229
70.951531
80.430252
84.558873
94.074069
95.132315
110.032349
110.067416
128.697703
132.907039
150.529336
152.824200
176.064352
178.199316
205.930958
206.430661
240.863923
244.196120
281.722651
285.309330
329.512315
330.268584
385.408590
386.941176
450.786559
454.932883
527.254538
529.083161
616.693629
617.073026
721.303971
722.825684
843.658848
844.296286
986.767948
987.221643
1154.151356
1155.893362
1349.926077
1353.779648
1578.907216
1583.853929
1846.726294
1846.954734
2159.969597
2162.590408
2526.339934
2526.672980
2954.845766
2957.476118
3456.022316
3457.478139
4042.190049
4042.743304
4727.756811
4729.098504
5529.570957
5529.947801
6467.334040
6468.077922
7564.083012
7565.050921
8846.753568
8848.102753
10346.838146
10351.378635
12101.154315
12102.399381
14152.741812
14152.940752
16551.909441
16555.525346
19357.456405
19358.006950
22638.096502
22638.367707
26474.118016
26477.015612
30959.317129
30961.568058
36203.248310
36204.258662
42333.841425
42338.170137
49500.442304
49505.090345
57877.341138
57880.568731
67667.861286
67669.583762
79109.089734
79113.812701
92477.339312
92478.468084
108094.440623
108099.184994
126334.972176
126339.384313
147634.536992
147634.557068
172499.203242
172500.322111
201516.219985
201516.976707
235366.108938
235367.618899
274836.211758
274841.122098
320835.734110
320837.792899
374412.265716
374414.522271
436769.663257
436769.975824
509287.049597
509288.380848
593538.493009
593541.599667
691312.671786
691313.607880
804631.481984
804633.280189
935766.081638
935766.732138
1087248.331715
1087250.136812
1261874.792345
1261878.710406
1462699.688084
1462702.315980
1693012.200663
1693014.206123
1956292.467423
1956295.426056
2256139.672265
2256144.297480
2596164.858535
2596167.687313
2979840.870629
2979840.936413
3410302.476717
3410307.385689
3890091.769102
3890093.642067
4420847.898512
4420850.245787
5002946.577141
5002947.368550
5635103.850301
5635106.244391
6313970.173070
6313973.134542
7033753.847407
7033753.905455
7785925.346675
7785926.453384
8559062.985273
8559065.049605
9338901.657572
9338902.363694
10108636.806696
10108640.686420
10849512.455722
10849516.697717
11541686.247594
11541687.931693
12165320.245403
12165322.830568
12701802.259793
12701805.909036
13134969.190304
13134971.199146
13452190.378868
13452190.411368
13645183.770027
13645185.053666
