32.000000 1.000000 31.000000
35.453388 1.169636 34.283752
39.029102 1.368048 37.661054
42.731452 1.368048 41.363404
46.564902 1.871557 44.693345
50.534066 2.189040 48.345026
54.643723 2.538726 52.104997
58.898816 2.560380 56.338436
63.304460 2.581555 60.722905
67.865949 2.994713 64.871236
72.588759 3.502724 69.086035
77.478556 3.700995 73.777561
82.541205 4.096912 78.444293
87.782769 4.332883 83.449886
93.209526 4.791896 88.417630
98.827966 5.421975 93.405991
104.644807 5.604774 99.040033
110.666994 5.636932 105.030062
116.901715 5.999365 110.902350
123.356403 6.555546 116.800857
130.038747 6.760824 123.277923
136.956697 7.243659 129.713038
144.118480 7.451289 136.667191
151.532600 7.667602 143.864998
159.207852 7.715772 151.492080
167.153332 8.064198 159.089134
175.378446 8.199423 167.179023
183.892916 8.968303 174.924613
192.706799 9.228480 183.478319
201.830487 10.489650 191.340837
211.274727 12.269072 199.005655
221.050627 13.715285 207.335342
231.169667 14.002037 217.167630
241.643717 14.350348 227.293369
252.485042 15.191696 237.293346
263.706316 15.901827 247.804489
275.320639 16.784682 258.535957
287.341544 19.631967 267.709577
299.783016 20.476798 279.306218
312.659502 21.455944 291.203558
325.985925 22.962253 303.023672
339.777702 25.501657 314.276045
354.050753 26.857475 327.193278
368.821522 29.986062 338.835460
384.106990 31.413465 352.693525
399.924688 34.419286 365.505402
416.292718 36.742313 379.550405
433.229765 39.678122 393.551643
450.755117 42.975122 407.779995
468.888679 45.046069 423.842610
487.650994 50.265237 437.385757
507.063257 51.409454 455.653803
527.147336 58.792013 468.355323
547.925787 63.162376 484.763411
569.421874 68.765229 500.656645
591.659591 70.951531 520.708060
614.663675 80.430252 534.233423
638.459629 84.558873 553.900756
663.073739 94.074069 568.999670
688.533099 95.132315 593.400784
714.865622 110.032349 604.833273
742.100068 110.067416 632.032652
770.266059 128.697703 641.568356
799.394102 132.907039 666.487063
829.515606 150.529336 678.986270
860.662903 152.824200 707.838703
892.869271 176.064352 716.804919
926.168950 178.199316 747.969634
960.597163 205.930958 754.666205
996.190135 206.430661 789.759474
1032.985115 240.863923 792.121192
1071.020390 244.196120 826.824270
1110.335308 281.722651 828.612657
1150.970292 285.309330 865.660962
1192.966861 329.512315 863.454546
1236.367648 330.268584 906.099064
1281.216407 385.408590 895.807817
1327.558040 386.941176 940.616864
1375.438604 450.786559 924.652045
1424.905327 454.932883 969.972444
1476.006619 527.254538 948.752081
1528.792084 529.083161 999.708923
1583.312528 616.693629 966.618899
1639.619971 617.073026 1022.546945
1697.767647 721.303971 976.463676
1757.810014 722.825684 1034.984330
1819.802755 843.658848 976.143907
1883.802779 844.296286 1039.506493
1949.868217 986.767948 963.100269
2018.058421 987.221643 1030.836778
2088.433955 1154.151356 934.282599
2161.056592 1155.893362 1005.163230
2235.989288 1349.926077 886.063211
2313.296179 1353.779648 959.516531
2393.042560 1578.907216 814.135344
2475.294857 1583.853929 891.440928
2560.120606 1846.726294 713.394312
2647.588419 1846.954734 800.633685
2737.767955 2159.969597 577.798358
2830.729875 2162.590408 668.139467
2926.545804 2526.339934 400.205870
3025.288279 2526.672980 498.615299
3127.030696 2954.845766 172.184930
3231.847259 2957.476118 274.371141
3339.812904 3456.022316 116.209412
3451.003239 3457.478139 6.474900
3565.494466 4042.190049 476.695583
3683.363298 4042.743304 359.380006
3804.686876 4727.756811 923.069935
3929.542671 4729.098504 799.555833
4058.008386 5529.570957 1471.562571
4190.161849 5529.947801 1339.785952
4326.080900 6467.334040 2141.253140
4465.843274 6468.077922 2002.234648
4609.526465 7564.083012 2954.556547
4757.207601 7565.050921 2807.843320
4908.963304 8846.753568 3937.790264
5064.869539 8848.102753 3783.233214
5225.001456 10346.838146 5121.836690
5389.433232 10351.378635 4961.945403
5558.237917 12101.154315 6542.916398
5731.487245 12102.399381 6370.912136
5909.251453 14152.741812 8243.490359
6091.599099 14152.940752 8061.341653
6278.596888 16551.909441 10273.312553
6470.309456 16555.525346 10085.215890
6666.799169 19357.456405 12690.657236
6868.125918 19358.006950 12489.881032
7074.346939 22638.096502 15563.749563
7285.516569 22638.367707 15352.851138
7501.686035 26474.118016 18972.431981
7722.903240 26477.015612 18754.112372
7949.212573 30959.317129 23010.104556
8180.654661 30961.568058 22780.913397
8417.266154 36203.248310 27785.982156
8659.079507 36204.258662 27545.179155
8906.122807 42333.841425 33427.718618
9158.419520 42338.170137 33179.750617
9415.988290 49500.442304 40084.454014
9678.842745 49505.090345 39826.247600
9946.991329 57877.341138 47930.349809
10220.437084 57880.568731 47660.131647
10499.177474 67667.861286 57168.683812
10783.204220 67669.583762 56886.379542
11072.503170 79109.089734 68036.586564
11367.054119 79113.812701 67746.758582
11666.830684 92477.339312 80810.508628
11971.800188 92478.468084 80506.667896
12281.923566 108094.440623 95812.517057
12597.155260 108099.184994 95502.029734
12917.443158 126334.972176 113417.529018
13242.728531 126339.384313 113096.655782
13572.946001 147634.536992 134061.590991
13908.023520 147634.557068 133726.533548
14247.882381 172499.203242 158251.320861
14592.437220 172500.322111 157907.884891
14941.596071 201516.219985 186574.623914
15295.260426 201516.976707 186221.716281
15653.325316 235366.108938 219712.783622
16015.679407 235367.618899 219351.939492
16382.205142 274836.211758 258454.006616
16752.778872 274841.122098 258088.343226
17127.271003 320835.734110 303708.463107
17505.546204 320837.792899 303332.246695
17887.463609 374412.265716 356524.802107
18272.877013 374414.522271 356141.645258
18661.635138 436769.663257 418108.028119
19053.581883 436769.975824 417716.393941
19448.556577 509287.049597 489838.493020
19846.394272 509288.380848 489441.986576
20246.926056 593538.493009 573291.566953
20649.979350 593541.599667 572891.620317
21055.378226 691312.671786 670257.293560
21462.943755 691313.607880 669850.664125
21872.494343 804631.481984 782758.987641
22283.846056 804633.280189 782349.434133
22696.812999 935766.081638 913069.268639
23111.207666 935766.732138 912655.524472
23526.841284 1087248.331715 1063721.490431
23943.524187 1087250.136812 1063306.612625
24361.066169 1261874.792345 1237513.726176
24779.276842 1261878.710406 1237099.433564
25197.965983 1462699.688084 1437501.722101
25616.943889 1462702.315980 1437085.372091
26036.021718 1693012.200663 1666976.178945
26455.011822 1693014.206123 1666559.194301
26873.728072 1956292.467423 1929418.739351
27291.986172 1956295.426056 1929003.439884
27709.603981 2256139.672265 2228430.068284
28126.401785 2256144.297480 2228017.895695
28542.202588 2596164.858535 2567622.655947
28956.832379 2596167.687313 2567210.854934
29370.120404 2979840.870629 2950470.750225
29781.899382 2979840.936413 2950059.037031
30192.005739 3410302.476717 3380110.470978
30600.279821 3410307.385689 3379707.105868
31006.566093 3890091.769102 3859085.203009
31410.713313 3890093.642067 3858682.928754
31812.574690 4420847.898512 4389035.323822
32212.008041 4420850.245787 4388638.237746
32608.875913 5002946.577141 4970337.701228
33003.045706 5002947.368550 4969944.322844
33394.389768 5635103.850301 5601709.460533
33782.785480 5635106.244391 5601323.458911
34168.115328 6313970.173070 6279802.057742
34550.266958 6313973.134542 6279422.867584
34929.133213 7033753.847407 6998824.714194
35304.612160 7033753.905455 6998449.293295
35676.607103 7785925.346675 7750248.739572
36045.026589 7785926.453384 7749881.426795
36409.784391 8559062.985273 8522653.200882
36770.799480 8559065.049605 8522294.250125
37127.996001 9338901.657572 9301773.661571
37481.303222 9338902.363694 9301421.060472
37830.655482 10108636.806696 10070806.151214
38175.992119 10108640.686420 10070464.694301
38517.257407 10849512.455722 10810995.198315
38854.400475 10849516.697717 10810662.297242
39187.375215 11541686.247594 11502498.872379
39516.140185 11541687.931693 11502171.791508
39840.658515 12165320.245403 12125479.586888
40160.897805 12165322.830568 12125161.932763
40476.830001 12701802.259793 12661325.429792
40788.431290 12701805.909036 12661017.477746
41095.681981 13134969.190304 13093873.508323
41398.566382 13134971.199146 13093572.632764
41697.072673 13452190.378868 13410493.306195
41991.192783 13452190.411368 13410199.218585
42280.922261 13645183.770027 13602902.847766
42566.260147 13645185.053666 13602618.793519
