4695.1841
4541.2397
9730.7483
6462.6333
4492.4017
100.5391
7144.4465
870.1599
999.1222
536.9143
5033.1198
7376.9413
671.2431
6909.9474
3058.7645
971.9297
7915.0153
8377.9526
8514.1464
8506.9289
6292.2082
7777.3266
9626.6729
6062.8445
9995.8932
92.8651
3377.0594
4865.6145
1652.4208
7949.7304
2565.7287
1045.8640
4374.1362
1897.9083
5836.7578
7670.4635
6667.4713
20.0670
7351.4322
9790.5602
5443.0247
6918.9234
3709.7252
3002.5087
9644.4062
1360.0370
7418.5760
4611.6589
2494.3810
6010.3983
8339.7400
1362.2590
2332.2958
4474.0049
216.0828
5209.4908
7701.4713
3565.5593
4933.7156
5418.6987
5309.4460
1856.0709
6955.0542
3804.9651
2969.8577
975.4688
4613.1192
5766.9113
5581.6599
7236.4441
262.6532
561.5615
8716.2599
2744.9334
5662.3267
2661.4448
4635.7997
8584.2665
1501.1727
9762.1755
3708.8980
5630.6721
1636.1192
7878.2494
2595.8060
4141.8000
1171.0244
190.4297
1057.6145
880.6922
2941.0886
728.0337
5679.8647
7569.7046
3992.7391
3370.8348
6749.1174
8689.7986
5794.3308
7840.5692
4292.2485
4632.8972
7766.8994
9087.8348
8581.3936
6112.9616
7753.8725
845.0205
8152.9944
1937.8693
9635.5027
9403.7185
5076.3778
6085.8809
6979.2974
2089.7924
9515.5618
109.1824
2948.6257
5800.1629
2821.4271
3054.7928
2050.8631
3129.9146
2099.6161
7685.6589
5440.0918
5418.2996
9475.4844
7883.7407
5252.8879
4072.1393
4510.6074
3238.3938
674.1115
4309.7902
1052.6631
279.3544
1624.6950
6085.2026
3644.0126
7234.3441
8980.6409
1570.9597
6265.9753
381.7012
6378.8242
1222.0775
6867.9432
6272.3487
5256.6253
399.3270
2849.2534
6808.2705
37.4258
9929.4017
1464.2026
4002.3990
1609.4399
2359.6600
840.0244
8012.9523
6000.4501
2747.4658
8893.4925
8832.1751
698.0164
1926.7505
6030.5677
3910.1736
808.5367
7209.3704
5344.7126
444.3673
7067.2707
2848.5651
3140.3966
499.9900
8052.7734
7530.8142
2080.9985
7715.1911
5233.0406
8255.6158
7599.5838
7387.7267
5199.9847
9085.0995
3068.3390
8181.1907
8344.8671
7473.9031
2700.0420
4621.7486
1043.9158
1766.2710
1601.4629
3477.2123
9422.2066
4148.6761
4623.4076
7019.2875
808.2970
5102.0098
4200.1285
5905.0796
6674.1902
12.3630
4384.6508
7597.0411
2638.3555
9561.8447
558.5695
2576.7267
8226.0281
2852.1238
3696.7659
9659.8202
5791.8304
4482.0085
7069.9382
3487.8396
3558.7537
4592.9825
7538.6090
8995.6117
7637.6049
7813.7307
6080.4626
3437.2040
7119.8632
3320.2260
4035.2164
5308.4900
5437.1849
4278.1544
6241.9231
2480.3898
326.6340
2723.4119
5983.9136
9113.1453
5932.9843
1310.3155
5386.7132
7462.3868
2550.5543
3928.3147
4300.6002
8026.1110
